"#Wallet b27830c2950c3604, page 1 from 47, transactions 1-100. Updated to block 564811 (2019-02-26 22:57:00 UTC). Source: WalletExplorer.com"
date,received from,received amount,sent amount,sent to,balance,transaction
2019-02-21 09:45:17,"e706025926c56c5d",0.001488,,,0.52522903,"74c2ec78f892d898b8a1d3e5fbdd1a8b3345a767755b1f2a0e667e6cff7ec2b4"
2019-02-12 20:23:06,"b8e4fcf639113422",0.01,,,0.52374103,"7cc5e2b36422cf6a72d182deca0aeed5fda6b466fa4a2cd6ad70ff149c7fb197"
2019-02-12 19:47:29,"f1956b7b5f12b8cd",0.01788607,,,0.51374103,"7e76b837acccbb4af7c139c507b72cd2d8c7a4de6d22cd454e345ff7eda1ccb5"
2019-02-09 18:10:01,"c1eca3120cbb29a9",0.006,,,0.49585496,"4260dddea3ddf6ddb5afa524ba2aa0752e67c41ed99db3cd4ed81745325bfe32"
2019-02-08 20:15:49,"88ee4ef284e607f8",0.002,,,0.48985496,"7ad32228b2b5a996013efd15c6ee979a7478cdf1042a0a1eb066f3723b993c1c"
2019-02-08 18:40:39,"80d1a1d7e892d7f1",0.00413965,,,0.48785496,"8e7e986839e686652bfd4a9a61fed6c11b01a83f6d59b4a23568f101e2144595"
2019-02-06 11:36:10,"111be234242538ee",0.001,,,0.48371531,"9f768ef9ce6c2174e74792cd07cf76b04180d52ac0cb5f85223cd8dd4cf2ad3a"
2019-02-05 03:22:50,"8796911f6e68b29b",0.00016693,,,0.48271531,"a578b27546ac38489195b5f02e7ffb5c9ce168661ff175e661bab05ad282cb63"
2019-02-04 18:47:48,"636e5113b211612b",0.00438243,,,0.48254838,"bc50f96074fef24074b129f7fd2f8a994ce310f8ba032d4d3af3cfe344e5d5a9"
2019-02-04 03:23:49,"e5e645300f0a1951",0.00321057,,,0.47816595,"1221c112a10baab4b98293398a4c5b4c7a9b06309f4922cbb9c5fd157cebee4b"
2019-02-03 22:17:23,"45400f3881f3ae71",0.00064741,,,0.47495538,"b91961629d133f033ef5c8ea313e0e82ba0e08d15e7a6c61a48d679a695dc8cb"
2019-02-02 21:33:03,"b4356ad9fdea1a92",0.001093,,,0.47430797,"3d4558879dfd9c2cb50491aff77d54bc4b955f48497203c4fd4b85b4207718cd"
2019-01-27 23:28:57,"d159bdf22f5a9c0b",0.002136,,,0.47321497,"ca60447119e245f64cd550e2c34e882d7f2dbc4a6d05013a923f4403d6e6f957"
2019-01-27 02:43:04,"d4e1f1debacfd639",0.005251,,,0.47107897,"3417380f615ff8ecad9ac462fe47d2f2a4752385235a9f6f75a49fcca7204869"
2019-01-20 23:15:19,"70ca61182dd51062",0.00320837,,,0.46582797,"efa3872a7f85024ab91392d882b90d284fedc33759837a8855c8fdf75b038297"
2019-01-20 22:41:16,"139816f0c6f26cf1",0.00277609,,,0.4626196,"2fb00489a86a0f0b9d21bd6e47340c129721be0edbd5356b0192f202f47b5186"
2019-01-20 21:04:00,"e976ae68159598b1",0.0021126,,,0.45984351,"5320dc994f7042ab15dfaddbcb300d06e876a9e8703e7c822d7f805d0c67e6e6"
2019-01-19 21:29:15,"988809e702ebcdb0",0.00406453,,,0.45773091,"e9d5deeb801d56d58b7cfc179935fd28f40a277214497536373511b3dcf62507"
2019-01-15 21:21:55,"26e6ce4790bf149e",0.003,,,0.45366638,"5a8cc2e6ece54e8a59f6526aaa49786e496cba726caab1c5e2c31492ff705cc7"
2019-01-14 07:44:05,"a712d61ef5033277",0.0035,,,0.45066638,"3ea6d10fec5a1b9aa38a5e60a896f392e32aa4b99a0f742e94dabc8c6c7112a2"
2019-01-13 19:01:59,"d94faf9c90a0ea42",0.0015,,,0.44716638,"260acb2800560ebd118b9b5a38a6908fbcc89c0ca66813f16cec0ad7b4697ba9"
2019-01-13 19:01:59,"59c0294b4dba8e7f",0.004201,,,0.44566638,"4994aa0899f8e4a04715009e484d2ced71b8a1a5ab77d1b7d52026b4fde838e1"
2019-01-13 15:05:15,"4546f4e74df32ba2",0.0014,,,0.44146538,"e7b116e080b0cf97138fe7a8554ec06ac379ca98c7750da095d1e0c89377b258"
2019-01-12 01:13:17,"82bb2b46f46d336c",0.00244334,,,0.44006538,"5dcbc0f54710a2a4d27f730500f3ca67575b432caf47c2bb008c1b3a01d3653b"
2019-01-10 19:24:32,"292b575b8c9ab8ee",0.00277295,,,0.43762204,"ee1f9bac0265d0779cd2167a07a873fca058ddfe1253f83c8f5fac5af778e348"
2019-01-10 19:24:32,"e2d60803dd3f4afd",0.00193451,,,0.43484909,"0ff5e236f38eb89eb6cc183b248b276875b4bf368f327fc3a482376f44d1a20b"
2019-01-10 18:35:32,"3b1773b03a71453d",0.02,,,0.43291458,"5967467844463222643255f1b0951b634e50f0573ce1263d6cfbe08b3f88ba0a"
2019-01-08 09:26:57,"1013fc07c338b600",0.00010199,,,0.41291458,"8bb3236b4f591872fbf17e6f96acaa97c80c071a6f669b1eb1003123a70b0629"
2019-01-06 05:52:33,"190c73e1b01a3ee3",0.01866,,,0.41281259,"e2dba740ce241e12871aa1eb378446209413c67c8dc2d46987334d1045b44985"
2019-01-04 18:45:43,"(multiple)",0.0222468,,,0.39415259,"432438dd0901f5b8267f9ba26c6aa8ab8c8c6870b70e50e8581fd5313d72b694"
2019-01-04 12:59:01,"e9498d942c10f3bc",0.006,,,0.37190579,"c8f24c3f5ee839e323ed9b69083c852f6aaec228fdfcc4b20d56eb5a6791dde0"
2019-01-03 17:07:03,"00000014ea8b260f",0.00331,,,0.36590579,"9a5aad9129095882a16df891e58ddbc9dc6613f0634cc034ce0277d97263e26c"
2019-01-03 06:10:40,"e4b268060c81661a",0.00188068,,,0.36259579,"781f60ae4a0d223ac48c4e5eddf69b0dbf6dbf1e9d0479a6d70c44890fb374e1"
2019-01-02 22:49:58,"569a6f47c6a694a2",0.00487473,,,0.36071511,"425ae3db3ad534ea2305b12bc1d830a29c11edfdad89d3c968e5f9fd2eda1e8a"
2019-01-02 08:22:53,"037612d1770bf031",0.013,,,0.35584038,"a88166c1e336e3a6074cfc221db93700bba0666f5f67abebf7331da75be31945"
2019-01-01 12:53:51,"95b9181cbbaad095",0.00302974,,,0.34284038,"fdeefdc3dfaebe5bc8652f2cdbdd29f29342c495892447b68ce271c77c80e824"
2019-01-01 08:25:58,"5664b9efced432c0",0.0186,,,0.33981064,"ebcc7d1a66d21beb189bfd8d939d440bca5ac82c4f22b408da3b713b9b64d073"
2019-01-01 06:56:04,"00000b55c1bcbc1f",0.00648452,,,0.32121064,"6b69c0437953293ad32767a7ce39857441e64f420ee4d8b7c0c1415cefe6e653"
2018-12-31 19:34:30,"a7e300f603611341",0.005073,,,0.31472612,"d7dc11fd98db9d7e27c2c8e7ba12d08cc43236e4140e9b6c4da3d2d12e124465"
2018-12-31 07:35:08,"e60c43330d397b96",0.00194784,,,0.30965312,"6ca76b585a47d82af6515d2379afa8f2af17e69a4c61f78e7aaf4c3069cad158"
2018-12-27 17:45:22,"ec638083feb63837",0.00301087,,,0.30770528,"781211b9ded99a0de112364b268b86e0f35b4b3f95d999d44fb4a44c55692269"
2018-12-26 09:45:40,"8d19f97b717c8be1",0.00030018,,,0.30469441,"b216cf4dcd7a86081b2a3ad49ddf2f1bc5e06942e7d59824ce553d8337cc48cf"
2018-12-22 22:47:59,"92ae104af6d91562",0.026,,,0.30439423,"0513ff1ff4ddba17ac87f4dca8147635fd81ab721f9e8a7e5fbc96860e9e054f"
2018-12-17 22:23:08,"6852d477a0931026",0.02840747,,,0.27839423,"a6b3d3ba74795022870e703c7d726ab41c5f99af34f3418d64dbe592bf590e08"
2018-12-17 19:13:25,"9ac44d4e1d8015db",0.0043128,,,0.24998676,"b9371a68e1edc941a98f27b1c524c74312d077f24fcb4cf9745e9d66c1a7b164"
2018-12-16 21:32:38,"d660591841b70b63",0.01555,,,0.24567396,"0d75d49b8b6aa70b59077636f5d85897f6155bd76edf1ff29d152cfeb2fd03ab"
2018-12-16 20:38:49,"2b88eaca9c872f17",0.0035,,,0.23012396,"8a1ee2370dde126c346d33c29487e999c2f2dfbd48330bb1f3e96ed33efeec40"
2018-12-16 19:23:34,"e49ec9e3697a5499",0.00342479,,,0.22662396,"1c2b541184e6a5431a7dd04401d9137ff661e337d97f82f6c7fcbda6b67dc8f1"
2018-12-16 12:10:11,"a9132f780f5b80db",0.00402166,,,0.22319917,"c6a8a7c2d62e3f6ba06132c41b3566a23a3a1ccd8510ef2b5df9bfc1cceaf234"
2018-12-16 10:49:15,"7ea1eeaebabd42c9",0.01,,,0.21917751,"c0ec88e8af44d8a545b13641fd8ec84b448a051ef86c4115c3025ac4a0743c62"
2018-12-16 08:29:24,"84681a5f3dc605e9",0.00219745,,,0.20917751,"4a3b0ff04b1d7146db37cf47200818494ee2fa67aa1e554fe314fe3ff4819897"
2018-12-13 08:24:36,"81a9d4d0be2e5d05",0.02977077,,,0.20698006,"a4f6d99a558c734d807eda50667893593980ef4e35ac4ee26bd45b267d906be6"
2018-12-08 15:30:57,"b720d17910fdb8e3",0.005,,,0.17720929,"b624d2c83ce344977262d5f8431ebc2a0cd5e21f1504c8d1210c12850462b23e"
2018-12-02 23:17:43,"9902b6305fc0eca7",0.02395263,,,0.17220929,"8a739a621e1c74a9f2550f2f79d649eea95abcc0a7dacba241d7b93e154dab2d"
2018-12-01 03:47:20,"91bb674bcdcbd8f3",0.0005,,,0.14825666,"4cac3d265b52472b2d49f0f361cac4b200d0358b477952ec96612f1b869ed480"
2018-11-25 08:35:20,"8db2d092d527a942",0.00242036,,,0.14775666,"f44ea0ae35aa775db692fc7129ba0716c5114d5407ff14d150a2526baa903bbe"
2018-11-24 03:30:54,"1a3f3df3ddb9c2c6",0.00457793,,,0.1453363,"872df1e43b0b3b84a251c793a0c284855ee6079318d868849916029d5469e3d9"
2018-11-16 12:44:52,"b2fcdce820a32d6b",0.0091953,,,0.14075837,"b56a87b7f1b6767e996ddefef3598850a676d749ab06d0980be7663a6accc702"
2018-11-11 14:50:07,"1e8c4515b50aadaa",0.00209869,,,0.13156307,"0c3218e743bcaefc33020dfbc8bdeda95404757903a12837515bd2e109f6a31f"
2018-11-08 19:03:54,"03c9894859135274",0.00311737,,,0.12946438,"29361cc97e269873781e38cefb1c287aabbaf27f50cf9fedfb1c433d27c37bcb"
2018-11-04 22:55:18,"ce6b89dac509eb3e",0.00280704,,,0.12634701,"ba3424259913372d8e57f286b51aa0991f380399822afc801df65b9683f9bda0"
2018-11-02 18:42:56,"ae805c2783508428",0.00157,,,0.12353997,"664e931155425dbf3134bda9cc829d1d678d3a840d1d387d7dfbba8fb2cb1023"
2018-11-01 21:50:04,"aa44b2b5216843d9",0.004,,,0.12196997,"79d842820fc23acd3e70db411bf4786215adbb2ddf9c3a70645a622817c387d3"
2018-10-28 19:44:49,"9479c01ffe214273",0.002808,,,0.11796997,"3b3808a30cbe4785bdc2f146f83af906fd3071a5f04a551694970f8c69757091"
2018-10-28 17:11:08,"0c08b733481ca989",0.000312,,,0.11516197,"4760f05bce0775f980511b679a85f784dd1708a5d899b5a09a38d49ab71ca436"
2018-10-21 10:53:25,"7aa1a9f1c6a0f787",0.01436376,,,0.11484997,"ba9c14fa483293d9b40fb3c87ae4ff801e6051d973e8793f3864e1b5ed6e13e8"
2018-10-10 19:30:11,"ec92f00ec0fa7937",0.01,,,0.10048621,"417bb56d5bdba77c90b07f2bd2b684bcc87b09559d34497fb8ee530d92658afb"
2018-10-09 03:44:37,"cab5a52e87463ac5",0.0001373,,,0.09048621,"57f37388bc1bc9b32cdf2950d1049acff1a3d0c0c458eddeeea7489d4cb507c5"
2018-10-08 23:52:08,"aac168e5e287b950",0.00121703,,,0.09034891,"a4e9c2afab9ccffa84b7cb79059a46ff1e6cdba4369ab235acf032b028a7d048"
2018-10-05 22:06:40,"b5dd2c7a0b82cca0",0.00087966,,,0.08913188,"ddd9d13f551cdaa6cbdf7cc1b50e572e7c507502666d9001fc089625100a7fc5"
2018-10-05 20:56:04,"dfe7c59b3e29787d",0.00051467,,,0.08825222,"46d0de15b776b0da4ff73910f722aa342320bd195390dc028b1ed15f6356f11c"
2018-10-05 15:00:07,"f4a37513b20a0c8f",0.0015283,,,0.08773755,"f2a4434c1189b0651d3a3a8e543ce40f7dbb4f576a3a42d9166ef24204b22c0f"
2018-10-03 16:03:37,"757d9af282b19cf2",0.004,,,0.08620925,"db846e1374f2f2e3655647ad99fb34f284212c41d120fa83c38e6a942aed7c3e"
2018-09-29 18:17:26,"95a7b192ad4aeb13",0.00075912,,,0.08220925,"5cd2edb9b84b43843f4c4aefe8cf50f9a1b40bcce67f313cf2e19421e7e707ac"
2018-09-26 20:19:38,"58048301af157a57",0.00231,,,0.08145013,"d4e00299d3367eb97ee2e2533e4bbd530c198db44bc6664e074f0b2a67053e4e"
2018-09-25 04:55:03,"87477276689b426c",0.00107356,,,0.07914013,"9c720623f56258706b3f467bad494233208aa940453c566503b003d0a60ff28c"
2018-09-25 04:42:43,"4c13d97eb7f3c3b9",0.02,,,0.07806657,"f5b537647cefe77a8734bc233e8c07059203ae5aba1c5b758eb59c5d0a77e2c6"
2018-09-25 02:14:07,"e9e82ea1785aa778",0.0007,,,0.05806657,"635c12002b6bd34adbfb1f2af1e0d612585510dbeeb8cd2bcad8b164a7e7834e"
2018-09-24 14:52:07,"6b1203cc6741ba88",0.0155,,,0.05736657,"b1188e7be21b010a47af42c740796d9a1f3f1d4087324f9c52447c650fb4e7d9"
2018-09-23 22:13:08,"15c69b97dd9bc746",0.00075,,,0.04186657,"ae77eaa7d91443c78166618b1b850e23980466967f7dadbcc2c1aad505e6fc3e"
2018-09-23 21:54:02,"32f88fcb6f059990",0.003,,,0.04111657,"d5da54aa46523ad69928848b8ec1cf03fd67b283d424ac134f888d6aef4d02aa"
2018-09-21 00:23:06,"d9e212a7cc22e6f0",0.00766372,,,0.03811657,"77b0f7e2c32860e390363d8ae2fac285b726238613ca4645bd25ee2c1dcf2cda"
2018-09-19 21:06:12,"c0e6584819ca4919",0.00106037,,,0.03045285,"dc7a2ee5680faba0ce32ec8b33a662eb5c561c27a971c53b1d74e407ed284f72"
2018-09-19 20:14:43,"a6d6b89a5b311c8f",0.0154,,,0.02939248,"8977ffcf08b421bdc7d7657b7eefecfc6551f00397f1549134b5a2aca64acf55"
2018-09-19 18:04:59,"807fb0c0efcd3c8e",0.00031543,,,0.01399248,"3450959c11070bf7bd8cc5ca935873c40db59215546a62a67c622d3b10f85106"
2018-09-19 06:38:50,"0409a1c6c40fc395",0.00157245,,,0.01367705,"23b3be21466b48d268453166189280b6b27ab3252d37931e0200b7f46bcd9535"
2018-09-19 02:30:54,"e7f8f2accf03251c",0.00157794,,,0.0121046,"2d0bbaa2243598dd889a3e93e3cf25cf02b8c0d69677382abef9dfe116a0c6b2"
2018-09-18 20:21:32,"50c9860942433df4",0.01,,,0.01052666,"8f02e77a8b12c7b47f3c0b666a4e39f1bdabff46d81a2ea0ae06124d90bc57d5"
2018-09-13 17:45:25,,,0.94418116,"9e9917d966725d27",0.00052666,"efccba9de4d5d70cc3870bf93e66d1d6e62899447e3e24b9285423f5f0ec2e0c"
2018-09-13 17:45:25,,,0.00050847,"(fee)",0.00052666,"efccba9de4d5d70cc3870bf93e66d1d6e62899447e3e24b9285423f5f0ec2e0c"
2018-09-09 21:08:55,"6c201540b7b3216c",0.0016,,,0.94521629,"fbebcc9324636e0bb6cd8a343561c55cdca068c42f9c9d355a2e32eae59059d8"
2018-08-28 18:48:56,"08026d32cf2a311d",0.0011,,,0.94361629,"f5edb325b13cca331341858093f0bf260558760ae830288899f71ee483018c3f"
2018-08-26 08:01:33,"Xapo.com (0000038f006f1ff5)",0.12,,,0.94251629,"07ea9038108a3e5cb9f978fd71ec553ae4d3cbba1d7d81066dfa60b54a6bd83e"
2018-08-24 23:02:57,"fcb0f4ae817b01ac",0.00074525,,,0.82251629,"cf6cd6feb4f35e2a0272d48ffaac9ffbe6e6f206e42010bc26bcc6f1d51f97f3"
2018-08-24 21:13:18,"cfd2803124bd42d0",0.77,,,0.82177104,"a48576a54b38d186d158f8e5c28c0ce7960ce05c37fb4cc65c7c4f3a70fba127"
2018-08-24 20:20:29,,,4.2,"91050a45c83b8830",0.05177104,"39c5448773b24d8e6de0d6bf504e898e7b23992f125a72431c1edde9c7cd4345"
2018-08-24 20:20:29,,,0.00055251,"(fee)",0.05177104,"39c5448773b24d8e6de0d6bf504e898e7b23992f125a72431c1edde9c7cd4345"
2018-08-24 20:20:29,,,5.24603479,"91050a45c83b8830",4.25232355,"7a6277772663d41d796d167da27b4770b891717bad3a71f3100f99365492f5bc"
2018-08-24 20:20:29,,,0.00110382,"(fee)",4.25232355,"7a6277772663d41d796d167da27b4770b891717bad3a71f3100f99365492f5bc"
2018-08-24 20:17:08,,,0.5,"91050a45c83b8830",9.49946216,"0eea1a2af75a2e583a982f71fe031fb3847a6f8c13e4f7ba5328c2a076cfe5db"
2018-08-24 20:17:08,,,0.00011151,"(fee)",9.49946216,"0eea1a2af75a2e583a982f71fe031fb3847a6f8c13e4f7ba5328c2a076cfe5db"
2018-08-20 22:32:11,"00000014ea8b260f",0.00078,,,9.99957367,"84d2373b532b6c0aa108b85e344d1e19754955f3fae86db44d74f3ea2b303cd8"
2018-08-20 20:27:01,"aa92ab4f80172843",0.00531404,,,9.99879367,"5906944952b5d4e0fa90c45719608ce76d6bce8e8bbb7d41ff24faa938bef111"
2018-08-17 21:50:34,"252d32b5a972a42b",0.12545028,,,9.99347963,"c4c3e1341063f2e9bb949f8b9975c8f7acc8bd72001aa084f1a53463c52cde5f"
